1 0.113889 0.109896 0.161111 0.218750
1 0.263889 0.109896 0.161111 0.218750
1 0.413194 0.109896 0.161111 0.218750
1 0.563194 0.109896 0.161111 0.218750
1 0.713194 0.109896 0.161111 0.218750
1 0.862500 0.109896 0.161111 0.218750
1 0.113542 0.366667 0.156250 0.230208
1 0.261458 0.367708 0.156250 0.230208
1 0.410764 0.366146 0.156250 0.230208
1 0.561458 0.366667 0.156250 0.230208
1 0.711458 0.365625 0.156250 0.230208
1 0.862847 0.364583 0.156250 0.230208
1 0.126736 0.636458 0.156250 0.230208
1 0.276736 0.635417 0.156250 0.230208
1 0.427431 0.635417 0.156250 0.230208
1 0.580208 0.633333 0.156250 0.230208
1 0.728819 0.631771 0.156250 0.230208
1 0.880208 0.632292 0.156250 0.230208
1 0.880903 0.889583 0.160417 0.220833
1 0.725347 0.889583 0.160417 0.220833
1 0.574653 0.889583 0.160417 0.220833
1 0.421875 0.889583 0.160417 0.220833
1 0.267708 0.889583 0.160417 0.220833
1 0.117014 0.889583 0.160417 0.220833
