      0/89     2.06G     0.758       1.3       1.8      3.85         5       512     0.241     0.316     0.243     0.268     0.469     0.608     0.716
      1/89     7.38G     0.596     0.617     0.757      1.97         7       512     0.422     0.578     0.504     0.448     0.379     0.405     0.296
      2/89     7.37G     0.569     0.458     0.521      1.55         5       640     0.483     0.646     0.564     0.545     0.425     0.305     0.182
      3/89     7.38G     0.594     0.384     0.409      1.39         6       512     0.524     0.676     0.577     0.584     0.391     0.296     0.135
      4/89     7.38G     0.583     0.393     0.339      1.31         6       512     0.497     0.615     0.534     0.545     0.407     0.278     0.114
      5/89    0.703G     0.569      0.38      0.31      1.26         6       352     0.461     0.701     0.572     0.553     0.412     0.273    0.0941
      6/89     5.16G     0.577     0.361      0.29      1.23         8       576     0.507     0.719     0.599     0.591     0.377     0.268    0.0883
      7/89     5.17G     0.571     0.365     0.268       1.2         8       544     0.452     0.618     0.513     0.521      0.46     0.248    0.0826
      8/89     5.17G     0.586      0.33     0.291      1.21        12       640       0.5     0.683      0.59     0.574       0.4     0.257    0.0785
      9/89     5.16G     0.587     0.363     0.273      1.22         7       608     0.483     0.664     0.554     0.557     0.433     0.237     0.077
     10/89     5.17G     0.541     0.341     0.233      1.11         6       576     0.477     0.763     0.637     0.585     0.389     0.258    0.0734
     11/89     5.17G     0.584     0.361     0.238      1.18         4       640     0.494     0.686     0.596     0.572      0.41     0.249    0.0747
     12/89     5.17G     0.568      0.37     0.255      1.19         6       416     0.491     0.696     0.605     0.574     0.381     0.253    0.0642
     13/89     5.17G     0.549      0.35     0.223      1.12         4       352       0.5      0.74     0.612     0.595     0.391     0.255     0.059
     14/89     5.17G     0.559     0.342     0.252      1.15         6       352      0.53     0.757     0.638      0.62     0.378     0.255    0.0642
     15/89     5.17G     0.576     0.351     0.251      1.18         7       448     0.543     0.718     0.628     0.617     0.372      0.25    0.0601
     16/89    0.631G     0.543     0.322     0.212      1.08         6       320     0.551     0.782     0.712     0.645     0.362     0.259    0.0545
     17/89     4.79G     0.544     0.361     0.219      1.12         5       640     0.557     0.745     0.662     0.637     0.366     0.259    0.0519
     18/89     4.79G     0.537     0.354     0.216      1.11         7       512     0.534     0.751     0.682     0.623     0.348     0.259    0.0519
     19/89     4.79G     0.532      0.35     0.206      1.09         6       352     0.522     0.777     0.681     0.623      0.36     0.254    0.0492
     20/89     4.79G     0.542     0.342     0.226      1.11         7       352     0.516      0.75     0.664     0.611     0.374     0.248    0.0544
     21/89     4.79G     0.543     0.349     0.196      1.09         7       352     0.548     0.732     0.662     0.626     0.348     0.259    0.0519
     22/89     1.72G     0.529     0.338     0.218      1.08         5       480     0.583     0.748     0.683     0.655     0.334      0.26    0.0527
     23/89     2.08G     0.517     0.343     0.214      1.07         4       544     0.559     0.727     0.663      0.63     0.344     0.258    0.0468
     24/89     2.08G      0.55     0.355     0.238      1.14         6       416     0.505     0.723     0.626     0.592     0.369     0.247    0.0519
     25/89    0.688G     0.545     0.344     0.199      1.09         7       384     0.531     0.756      0.68     0.623     0.353     0.255    0.0457
     26/89     5.01G     0.541      0.35     0.184      1.08         4       544     0.522     0.746     0.655     0.613     0.356     0.255     0.048
     27/89     5.01G     0.519     0.348     0.252      1.12         6       416     0.544     0.764     0.695     0.635     0.339     0.254    0.0452
     28/89     5.01G     0.504     0.347     0.195      1.05         9       448     0.573     0.777     0.721     0.659     0.343     0.253    0.0459
     29/89     5.01G     0.488     0.326     0.208      1.02         6       640     0.532     0.767     0.686     0.628     0.353     0.255    0.0452
     30/89     5.01G     0.514     0.342     0.198      1.05         7       320     0.556      0.77     0.704     0.646     0.337     0.251    0.0439
     31/89     5.01G     0.512     0.344     0.223      1.08         4       480     0.535     0.713     0.638      0.61     0.365     0.248    0.0473
     32/89     5.01G     0.502     0.339     0.195      1.04         4       576     0.552     0.759     0.678     0.638     0.326     0.254    0.0418
     33/89     5.01G     0.488      0.34     0.207      1.03         5       352     0.598     0.804     0.764     0.686     0.309     0.259    0.0433
     34/89     5.01G     0.493     0.375     0.219      1.09         5       352     0.576     0.772     0.703     0.659     0.329     0.251    0.0431
     35/89     5.01G     0.491     0.371     0.217      1.08         9       384     0.517     0.736     0.641     0.607     0.344     0.254    0.0439
     36/89     5.01G     0.487     0.343     0.176      1.01         5       320     0.582     0.751     0.692     0.655     0.316     0.258    0.0473
     37/89     5.01G     0.453     0.344     0.183      0.98         5       352     0.627     0.813     0.781     0.707      0.29     0.262    0.0434
     38/89     5.01G     0.479     0.352      0.23      1.06         9       384     0.574      0.79     0.739     0.665     0.308     0.256    0.0428
     39/89     5.01G     0.458     0.359     0.197      1.01         6       512     0.583     0.788     0.739      0.67     0.305     0.262    0.0428
     40/89     5.01G      0.46     0.347     0.234      1.04         6       384     0.598       0.8     0.767     0.683     0.296     0.259    0.0449
     41/89     5.01G      0.45     0.341     0.187     0.978         4       640     0.611     0.809     0.757     0.696     0.308     0.258    0.0442
     42/89     5.01G     0.437     0.337     0.176      0.95         5       576     0.611     0.826     0.794     0.702     0.286     0.259    0.0417
     43/89     5.01G     0.441     0.354     0.178     0.972         7       480     0.622     0.822     0.796     0.708     0.285     0.259    0.0413
     44/89     5.01G     0.437     0.362     0.187     0.987         6       640     0.642     0.829     0.811     0.724     0.273      0.26    0.0401
     45/89     5.01G     0.434      0.35     0.194     0.978         5       512     0.656     0.818     0.809     0.728     0.283     0.261    0.0479
     46/89     5.01G     0.461      0.38     0.215      1.06         6       320     0.601     0.773     0.731     0.676       0.3     0.257    0.0421
     47/89     5.01G     0.428      0.35     0.203      0.98         5       352      0.64     0.828     0.803     0.722     0.275      0.26    0.0447
     48/89     5.01G     0.429     0.332     0.201     0.961         5       384     0.626     0.821     0.772      0.71     0.277      0.26    0.0431
     49/89     5.01G     0.405     0.335     0.175     0.914         2       640     0.661     0.838     0.826     0.739     0.258     0.261    0.0414
     50/89     5.01G     0.404     0.332     0.169     0.905         5       480     0.644     0.833     0.813     0.726     0.264     0.259      0.04
     51/89     5.01G     0.399     0.348     0.203      0.95         7       608     0.655     0.817      0.81     0.727     0.267     0.258    0.0398
     52/89     5.01G     0.394     0.362     0.182     0.939         5       512     0.662     0.828     0.815     0.735     0.267      0.26    0.0423
     53/89     5.01G     0.398     0.357     0.174     0.929         5       608     0.691     0.825     0.826     0.752     0.261      0.26    0.0433
     54/89     5.01G     0.393     0.363     0.169     0.925         8       608     0.656     0.815     0.815     0.726     0.271     0.261    0.0439
     55/89     5.01G      0.39     0.361     0.212     0.963        10       416     0.685     0.835     0.835     0.753     0.248     0.262    0.0422
     56/89     5.01G     0.383     0.366     0.186     0.934         7       448      0.65     0.838     0.816     0.732      0.25     0.265     0.042
     57/89     5.01G      0.37     0.373     0.178     0.921         5       512     0.656     0.841     0.816     0.737      0.25     0.264    0.0432
     58/89     5.01G     0.372     0.365     0.195     0.932         5       480     0.693     0.835     0.847     0.757     0.245     0.264    0.0425
     59/89     5.01G      0.36     0.325     0.182     0.867         5       384     0.703     0.824      0.84     0.758     0.237     0.264    0.0417
     60/89     5.01G     0.359      0.36     0.193     0.912         6       512     0.709      0.83     0.843     0.764     0.242     0.265    0.0408
     61/89     5.01G     0.354     0.354      0.17     0.878         6       512     0.709     0.837     0.851     0.768     0.243     0.261    0.0391
     62/89     5.01G     0.345      0.34     0.175      0.86         5       448     0.689     0.841     0.849     0.757     0.235     0.264    0.0388
     63/89     5.01G     0.353     0.382      0.21     0.945         8       512     0.703     0.841     0.849     0.765     0.235     0.266    0.0394
     64/89     5.01G     0.352     0.382     0.193     0.926         5       352     0.697     0.835     0.846      0.76     0.242     0.265    0.0416
     65/89     5.01G     0.345     0.345     0.211     0.902         5       608     0.715     0.841     0.853     0.773     0.228     0.264    0.0424
     66/89     5.01G     0.337     0.348     0.188     0.873         5       448     0.712     0.836     0.852     0.768     0.229     0.265    0.0445
     67/89     5.01G     0.326     0.319     0.156     0.801         4       512     0.721     0.845     0.863     0.778     0.219     0.263    0.0408
     68/89     5.01G     0.331      0.35     0.177     0.858         3       448     0.722     0.841     0.858     0.777     0.227     0.263    0.0408
     69/89     5.01G     0.328     0.357     0.189     0.874         5       352     0.702     0.851     0.859     0.769     0.223     0.264    0.0408
     70/89     5.01G     0.323     0.365     0.184     0.872         4       512     0.709     0.846     0.854     0.771     0.231     0.264    0.0402
     71/89     5.01G     0.325     0.351     0.185     0.861         4       448     0.728     0.851     0.867     0.784      0.22     0.265    0.0397
     72/89     5.01G     0.324     0.353     0.185     0.861         5       384     0.723     0.849     0.862      0.78     0.222     0.264    0.0398
     73/89     5.01G     0.322     0.359      0.17     0.852         8       416     0.699     0.851     0.858     0.767     0.224     0.264    0.0398
     74/89     5.01G     0.306     0.339     0.171     0.816         7       448     0.719     0.848     0.862     0.777     0.216     0.264     0.041
     75/89     5.01G     0.311     0.353      0.18     0.844         5       512      0.71     0.855     0.863     0.775     0.216     0.264    0.0399
     76/89     5.01G     0.321      0.37     0.195     0.886         8       320     0.716     0.847     0.861     0.775     0.216     0.264    0.0393
     77/89     5.01G     0.307     0.345     0.172     0.825         7       448     0.722     0.849     0.863      0.78     0.211     0.264    0.0388
     78/89     5.01G     0.315     0.361     0.162     0.838         3       544     0.713      0.85     0.864     0.775     0.212     0.264    0.0395
     79/89     5.01G       0.3     0.352     0.184     0.835         7       544     0.715     0.846     0.863     0.774     0.215     0.265    0.0394
     80/89     5.01G     0.308      0.37     0.174     0.851         5       544     0.718     0.852     0.863     0.779     0.215     0.265    0.0392
     81/89     5.01G     0.309     0.371     0.185     0.866         4       416     0.721     0.849     0.862     0.779     0.215     0.265    0.0407
     82/89     5.01G     0.307     0.373     0.177     0.857         4       576     0.721     0.849     0.864     0.779     0.213     0.265      0.04
     83/89     5.01G     0.298     0.345     0.196     0.839         3       480      0.72     0.849     0.863     0.778     0.211     0.265    0.0402
     84/89     5.01G     0.308     0.372     0.205     0.884         6       480     0.719     0.855     0.865      0.78     0.213     0.265    0.0404
     85/89     5.01G     0.286     0.327     0.164     0.777         5       640     0.726     0.849     0.869     0.782     0.209     0.264    0.0395
     86/89     5.01G     0.304     0.364     0.185     0.853         4       448     0.727      0.85     0.863     0.783      0.21     0.265    0.0391
     87/89     5.01G     0.305     0.389     0.226      0.92         6       576     0.719     0.853     0.861      0.78     0.212     0.265    0.0407
     88/89     5.01G     0.301     0.371     0.181     0.854         7       608     0.714     0.855     0.868     0.777     0.208     0.265    0.0392
     89/89     5.01G     0.306      0.37     0.194     0.869         6       416     0.715     0.856     0.867     0.779     0.207     0.265    0.0388
