1 0.101302 0.257778 0.083854 0.437778
1 0.236198 0.253333 0.083854 0.437778
1 0.374740 0.257778 0.083854 0.437778
1 0.507031 0.255556 0.083854 0.437778
1 0.647656 0.261111 0.083854 0.437778
1 0.785156 0.258889 0.083854 0.437778
1 0.917448 0.266667 0.083854 0.437778
1 0.920573 0.768889 0.083854 0.437778
1 0.778906 0.742222 0.083854 0.437778
1 0.644010 0.750000 0.083854 0.437778
1 0.510156 0.747778 0.083854 0.437778
1 0.368490 0.747778 0.083854 0.437778
1 0.233594 0.752222 0.083854 0.437778
1 0.097135 0.750000 0.083854 0.437778
