      0/29    0.931G      3.82      1.86      1.37      7.06        10       352     0.329     0.581      0.43     0.418      3.03     0.818     0.456
      1/29     0.94G      3.04      1.02     0.444       4.5         3       352     0.471     0.733     0.614     0.571       2.4     0.577      0.21
      2/29    0.833G      2.74     0.769     0.268      3.78         9       448     0.555     0.715     0.676     0.613      2.44     0.455      0.13
      3/29    0.835G      2.44     0.684     0.198      3.32         5       320     0.553     0.838     0.785     0.666      1.96      0.42     0.103
      4/29    0.833G      2.18     0.643     0.144      2.97         4       544     0.629      0.89     0.869     0.736      1.69     0.416     0.069
      5/29    0.833G      2.05      0.57     0.118      2.74         7       576     0.647     0.913     0.893     0.754      1.62     0.399    0.0721
      6/29    0.992G      1.95     0.604      0.11      2.67         4       448      0.74     0.929     0.918     0.823      1.51     0.378    0.0536
      7/29     0.83G      1.86     0.604    0.0892      2.55         8       608     0.664      0.94     0.926     0.778      1.49     0.377    0.0398
      8/29     0.94G      1.79     0.548    0.0816      2.42         9       544     0.729     0.947      0.93     0.821      1.64     0.362    0.0449
      9/29    0.931G      1.74     0.567     0.081      2.39         7       480     0.754     0.951     0.945     0.839      1.37     0.355      0.04
     10/29     0.94G      1.72     0.586     0.076      2.38         8       608     0.786     0.949     0.949     0.858      1.38     0.351    0.0412
     11/29     0.94G      1.65     0.549    0.0617      2.26         7       480     0.798     0.959      0.96     0.869      1.26     0.344    0.0329
     12/29     0.94G      1.61     0.531    0.0607       2.2         6       320     0.806     0.952     0.952      0.87      1.37     0.343    0.0398
     13/29     0.94G      1.57     0.513     0.058      2.14         6       352     0.791     0.959     0.962     0.866      1.21     0.336    0.0298
     14/29     0.94G      1.52     0.494    0.0502      2.07         4       576     0.826     0.955     0.964     0.885      1.24      0.33    0.0277
     15/29    0.931G       1.5     0.499    0.0578      2.06         7       640      0.82     0.965     0.965     0.885      1.23     0.323    0.0244
     16/29     0.94G      1.47     0.498    0.0428      2.01         7       352     0.819     0.965     0.969     0.884      1.12     0.321    0.0244
     17/29     0.94G      1.45     0.516    0.0463      2.02         7       352     0.822     0.961     0.962     0.884      1.21      0.32    0.0212
     18/29     0.94G       1.4      0.48    0.0438      1.93         6       320     0.805     0.966     0.968     0.876      1.16      0.32    0.0188
     19/29     0.94G      1.39     0.516    0.0406      1.95         7       576     0.825     0.972     0.972      0.89      1.11     0.313    0.0177
     20/29     0.94G      1.37     0.473    0.0358      1.87         5       576     0.834      0.97     0.972     0.896      1.16     0.311    0.0156
     21/29     0.94G      1.33     0.469    0.0344      1.84         3       608     0.815     0.969     0.971     0.884      1.09     0.312    0.0161
     22/29    0.929G      1.32     0.458    0.0314      1.81         5       384     0.833     0.973     0.971     0.896      1.08     0.308    0.0146
     23/29     0.94G      1.35     0.513     0.037       1.9         6       576     0.822     0.969     0.967     0.888      1.06     0.309    0.0136
     24/29     0.94G      1.31     0.476    0.0277      1.82         5       320     0.833     0.967     0.968     0.894      1.08     0.308    0.0117
     25/29     0.94G       1.3     0.489     0.028      1.82         7       640     0.817     0.969     0.967     0.884      1.13     0.309    0.0112
     26/29     0.94G      1.25     0.445    0.0245      1.72         8       608     0.826     0.972     0.973     0.892      1.08     0.306    0.0108
     27/29     0.94G      1.25     0.447    0.0287      1.73         8       480     0.829     0.969     0.973     0.892      1.02     0.302    0.0114
     28/29     0.94G      1.26     0.459    0.0339      1.75         4       352     0.829     0.973     0.973     0.894      1.01     0.303    0.0118
     29/29     0.94G      1.24     0.461    0.0254      1.73         8       320     0.832     0.974     0.973     0.896      1.03     0.303    0.0112
