      0/29      6.3G      4.75      1.96      1.79       8.5         2       352     0.345     0.768     0.549      0.46      3.11     0.795     0.401
      1/29     6.32G      3.82     0.929     0.475      5.23         8       352     0.672     0.922     0.869     0.775      2.33     0.541     0.221
      2/29      6.3G      3.44     0.695      0.33      4.46         5       448     0.583      0.91     0.793     0.707      2.57     0.424     0.199
      3/29      6.3G      3.02     0.644     0.245      3.91         6       320     0.741      0.94     0.916     0.824      1.93     0.396     0.142
      4/29      6.3G      2.61     0.573     0.181      3.37         5       544     0.828     0.961     0.969     0.889       1.6     0.372     0.107
      5/29      6.3G      2.34     0.508     0.146      2.99         7       576     0.866     0.981     0.983     0.919      1.58     0.342    0.0797
      6/29     6.32G      2.24     0.537     0.126       2.9        11       448     0.863     0.978     0.976     0.916      1.49     0.338    0.0838
      7/29      6.3G       2.1     0.535     0.116      2.75         5       608     0.799     0.976     0.932     0.873      1.65     0.323    0.0636
      8/29     6.32G      1.96     0.473     0.104      2.53         9       544     0.867     0.975     0.978     0.917      1.47      0.32    0.0577
      9/29      6.3G      1.97     0.501     0.108      2.58         5       480     0.862     0.978     0.981     0.916       1.5     0.317    0.0755
     10/29     6.32G      1.85     0.496    0.0924      2.44         7       608     0.895     0.979     0.984     0.935      1.29     0.307    0.0618
     11/29     6.32G      1.74      0.46    0.0854      2.29         7       480     0.892     0.983     0.986     0.935      1.19     0.305    0.0505
     12/29     6.32G      1.69     0.453    0.0773      2.22         5       320     0.889     0.982     0.987     0.933      1.15     0.298    0.0422
     13/29     6.32G      1.61     0.432    0.0728      2.11         4       352     0.895      0.99     0.989     0.939      1.17     0.286    0.0457
     14/29     6.32G      1.56     0.413    0.0614      2.04         5       576     0.893     0.984     0.981     0.936      1.13      0.29    0.0497
     15/29      6.3G      1.54     0.417    0.0492         2         6       640     0.894      0.98     0.986     0.935      1.13     0.287    0.0371
     16/29     6.32G      1.46     0.411    0.0524      1.93        10       352     0.901     0.985     0.987     0.941      1.06     0.281    0.0364
     17/29     6.32G      1.42     0.424    0.0483       1.9         6       352     0.917     0.986     0.987      0.95      1.09      0.28     0.031
     18/29     6.32G      1.37     0.394    0.0441      1.81         8       320     0.927     0.987     0.989     0.956      1.01     0.276     0.029
     19/29     6.32G      1.33     0.408    0.0327      1.77         8       576      0.92     0.988     0.988     0.952      1.03     0.272    0.0208
     20/29     6.32G      1.29     0.372    0.0315       1.7         5       576      0.92     0.986     0.987     0.952      1.04     0.273    0.0203
     21/29     6.32G      1.25     0.368    0.0388      1.65         7       608     0.911     0.982     0.988     0.945      1.01     0.267    0.0193
     22/29      6.3G      1.21     0.357    0.0226      1.59         6       384     0.929     0.985     0.988     0.956     0.936     0.263    0.0211
     23/29     6.32G      1.21       0.4    0.0302      1.64         8       576     0.921     0.982     0.987      0.95     0.974     0.263    0.0227
     24/29     6.32G      1.19      0.37    0.0234      1.59         5       320     0.927     0.982     0.987     0.953     0.953     0.265    0.0193
     25/29     6.32G      1.16     0.366    0.0207      1.54         9       640     0.916      0.98     0.983     0.947     0.991     0.263    0.0193
     26/29     6.32G      1.12     0.347    0.0155      1.48         7       608     0.932     0.986     0.989     0.958     0.956     0.262    0.0132
     27/29     6.32G      1.12     0.344    0.0214      1.48         9       480     0.936     0.987      0.99     0.961     0.926     0.256    0.0145
     28/29     6.32G       1.1     0.345    0.0194      1.47         6       352      0.93     0.987      0.99     0.957     0.942     0.257    0.0154
     29/29     6.32G      1.08     0.345     0.015      1.44         6       320     0.931     0.984     0.989     0.956     0.931     0.257    0.0161
