      0/89     5.15G     0.778      1.33      1.68      3.79         6       512     0.447     0.483     0.443     0.404      0.42     0.559     0.526
      1/89     9.87G     0.575     0.552     0.563      1.69         8       512     0.402      0.76      0.63     0.523     0.347     0.375     0.222
      2/89     9.86G     0.563     0.419     0.381      1.36         5       640     0.413     0.797     0.644     0.543     0.376     0.297     0.167
      3/89     9.87G     0.559     0.348     0.322      1.23         4       512     0.502     0.806     0.709     0.618     0.329     0.279      0.13
      4/89     9.87G     0.541     0.382      0.28       1.2         6       512     0.476     0.828     0.696     0.601      0.36     0.275     0.115
      5/89    0.715G     0.566     0.349      0.22      1.13         5       352      0.47     0.825     0.692     0.596     0.414     0.249     0.109
      6/89     2.42G     0.552     0.345      0.22      1.12         5       576     0.566     0.832     0.778      0.67      0.32     0.267    0.0977
      7/89     2.42G      0.57     0.334     0.211      1.12         4       544     0.524     0.849     0.764     0.648     0.344     0.265    0.0951
      8/89     2.43G     0.543      0.33     0.213      1.09         7       640     0.439     0.829     0.609     0.574     0.373     0.256    0.0788
      9/89     2.19G     0.578     0.344     0.224      1.15        10       608     0.499     0.811     0.654     0.617     0.364     0.253     0.094
     10/89      2.2G     0.541     0.326     0.224      1.09         7       576      0.56     0.851     0.742     0.672     0.334     0.255     0.105
     11/89     2.62G     0.548     0.366     0.195      1.11         8       640     0.473     0.845      0.72     0.603     0.353     0.258      0.08
     12/89     2.19G     0.543     0.349     0.194      1.09         5       416     0.518     0.835     0.724     0.639     0.333     0.255    0.0844
     13/89      2.2G     0.533     0.321     0.216      1.07         8       352     0.518     0.839     0.744     0.639     0.337     0.246    0.0842
     14/89      2.2G     0.523     0.336     0.224      1.08         6       352     0.544     0.859     0.736     0.665     0.312     0.252    0.0977
     15/89     2.19G     0.531     0.327     0.185      1.04         4       448     0.541     0.857     0.779     0.663     0.324     0.251    0.0933
     16/89     2.19G     0.551     0.302      0.18      1.03         5       320     0.604     0.858     0.807     0.708     0.307      0.25    0.0866
     17/89      2.2G     0.562     0.337     0.221      1.12         6       640     0.634     0.856     0.813     0.728     0.284      0.25    0.0826
     18/89      2.2G     0.543     0.323     0.205      1.07         5       512     0.571     0.862     0.783     0.686     0.304     0.251    0.0911
     19/89      2.2G     0.521     0.319     0.157     0.997        13       352     0.575     0.859     0.779     0.689     0.313     0.242    0.0872
     20/89      2.2G      0.55     0.328     0.164      1.04         7       352     0.551     0.859     0.774      0.67     0.337      0.25    0.0881
     21/89      2.2G     0.593     0.327     0.192      1.11         8       352     0.606     0.861     0.807     0.711     0.314     0.255    0.0804
     22/89     2.19G     0.542     0.325     0.161      1.03         5       480     0.574     0.862     0.801     0.688     0.316     0.249    0.0737
     23/89      2.2G     0.501     0.314     0.158     0.973         4       544      0.62     0.857     0.805     0.719     0.297     0.248    0.0772
     24/89      2.2G     0.522      0.32     0.205      1.05         6       416     0.591      0.87     0.806     0.704     0.288     0.248    0.0765
     25/89     2.19G     0.495     0.325     0.183         1         4       384     0.627     0.866     0.819     0.727     0.282     0.245    0.0717
     26/89      2.2G     0.507     0.323     0.211      1.04         5       544     0.573     0.859     0.776     0.687     0.307     0.247    0.0752
     27/89      2.2G     0.491     0.319     0.184     0.994         4       416     0.613     0.868     0.826     0.718     0.283     0.245    0.0838
     28/89      2.2G     0.521     0.318     0.173      1.01         4       448     0.625     0.866     0.794     0.726     0.295     0.241    0.0743
     29/89      2.2G     0.486     0.316     0.134     0.936         9       640     0.587     0.875     0.806     0.702     0.295     0.246    0.0673
     30/89      2.2G     0.493      0.31     0.184     0.987         5       320     0.634      0.87     0.831     0.733      0.27     0.248    0.0739
     31/89      2.2G     0.494      0.33     0.178         1         8       480     0.617     0.876     0.829     0.724     0.282     0.243    0.0732
     32/89      2.2G     0.477     0.327     0.143     0.947         9       576     0.628     0.865     0.809     0.727     0.277     0.244    0.0727
     33/89      2.2G     0.472     0.323     0.159     0.953         6       352     0.645      0.88      0.84     0.744     0.261     0.247    0.0721
     34/89      2.2G     0.465     0.338     0.183     0.985         5       352       0.6     0.872     0.833     0.711     0.273     0.249    0.0753
     35/89      2.2G      0.48     0.339     0.169     0.987         7       384     0.602     0.881     0.825     0.715     0.261     0.247    0.0765
     36/89      2.2G     0.466     0.328     0.165     0.959         5       320     0.555     0.859      0.77     0.673     0.305     0.244    0.0745
     37/89      2.2G     0.454     0.327     0.165     0.946         5       352     0.647     0.878     0.848     0.745     0.252     0.251    0.0719
     38/89      2.2G     0.466     0.323     0.165     0.955         6       384      0.66      0.88     0.851     0.753     0.253     0.247    0.0625
     39/89      2.2G     0.453     0.325     0.185     0.963         5       512     0.632     0.877     0.843     0.734     0.264     0.248     0.074
     40/89      2.2G     0.427     0.323     0.172     0.921         8       384     0.666     0.883     0.859     0.759     0.227     0.247    0.0718
     41/89      2.2G     0.423     0.314     0.181     0.917         3       640     0.671     0.871     0.855     0.758     0.243     0.244    0.0736
     42/89      2.2G     0.434     0.309     0.205     0.948         5       576     0.661     0.883     0.851     0.755     0.246     0.248    0.0778
     43/89     2.62G     0.456      0.33     0.159     0.944         5       480     0.676      0.88     0.851     0.764      0.24     0.248    0.0748
     44/89     2.62G     0.402     0.329     0.177     0.908         6       640     0.673     0.887     0.862     0.765     0.224     0.249    0.0742
     45/89     2.62G     0.408     0.313     0.185     0.905         5       512     0.646     0.881      0.85     0.745     0.237     0.248    0.0771
     46/89     2.62G      0.42     0.352     0.148      0.92         6       320     0.676      0.88     0.861     0.764     0.232     0.246    0.0774
     47/89     2.62G     0.409     0.324     0.194     0.927         5       352     0.668     0.881     0.858      0.76     0.224     0.245    0.0714
     48/89     2.62G     0.396     0.323     0.185     0.905         7       384     0.667     0.888     0.863     0.762     0.224     0.251    0.0768
     49/89     2.62G     0.388     0.316     0.142     0.847         5       640     0.668     0.889     0.867     0.762     0.221     0.248    0.0746
     50/89     2.62G     0.374     0.311     0.168     0.853         5       480     0.682     0.884     0.863      0.77     0.212     0.247    0.0757
     51/89     2.62G     0.377     0.321     0.153      0.85         4       608     0.667     0.885     0.863     0.761     0.212     0.248    0.0702
     52/89     2.62G     0.368     0.333     0.132     0.834         8       512     0.673     0.884     0.862     0.764     0.218     0.248     0.076
     53/89     2.62G     0.371     0.334     0.177     0.882         5       608     0.659     0.889     0.865     0.757     0.218     0.251    0.0756
     54/89     2.62G     0.367     0.333     0.155     0.855         9       608     0.678     0.885      0.86     0.768     0.215     0.247    0.0648
     55/89     2.62G     0.349     0.336     0.154      0.84         7       416      0.66     0.891     0.862     0.757     0.201     0.251    0.0682
     56/89     2.62G      0.35     0.329     0.155     0.834         6       448     0.664     0.885      0.86     0.758     0.209     0.249    0.0647
     57/89     2.62G     0.341     0.338     0.144     0.823         7       512     0.672     0.891     0.868     0.765     0.207     0.249    0.0714
     58/89     2.62G     0.332     0.331     0.148      0.81         7       480     0.681     0.885     0.864      0.77     0.209      0.25    0.0679
     59/89     2.62G      0.33     0.314     0.162     0.805         7       384     0.694     0.887      0.87     0.778     0.201     0.248    0.0688
     60/89     2.62G     0.323     0.326     0.153     0.803         4       512     0.673     0.892     0.864     0.766     0.196     0.248    0.0704
     61/89     2.62G     0.318     0.319     0.152     0.789         4       512     0.698     0.893     0.872     0.783     0.198     0.247    0.0731
     62/89     2.62G     0.326     0.304     0.171     0.801         5       448     0.693      0.89      0.87     0.779       0.2     0.248    0.0748
     63/89     2.62G      0.32      0.33     0.141     0.791         7       512     0.675     0.889     0.869     0.767     0.199     0.249     0.079
     64/89     2.62G     0.311     0.334     0.146     0.791         5       352     0.667     0.884     0.868      0.76     0.198      0.25    0.0764
     65/89     2.62G     0.303     0.324     0.149     0.776         4       608     0.685     0.895     0.872     0.776     0.192     0.248    0.0796
     66/89     2.62G     0.308     0.315     0.164     0.787         6       448     0.683     0.894     0.872     0.774     0.197     0.248     0.075
     67/89     2.62G     0.285     0.298     0.146     0.729         3       512     0.682     0.888     0.873     0.771     0.184     0.249    0.0694
     68/89     2.62G     0.303     0.322     0.165      0.79         5       448     0.691     0.892     0.876     0.778     0.193     0.248    0.0727
     69/89     2.62G     0.295     0.321     0.149     0.765         4       352     0.683     0.892      0.87     0.773     0.192     0.249    0.0772
     70/89     2.62G     0.287     0.333     0.133     0.753         5       512     0.678     0.884      0.87     0.767     0.191      0.25    0.0752
     71/89     2.62G     0.284     0.321     0.144     0.748        10       448     0.684     0.891     0.873     0.774     0.185     0.248    0.0776
     72/89     2.62G      0.28     0.326     0.149     0.755         4       384     0.679     0.893     0.869     0.771     0.184      0.25    0.0769
     73/89     2.62G     0.285     0.326     0.149      0.76         5       416     0.677     0.894      0.87      0.77     0.186      0.25    0.0717
     74/89     2.62G      0.27     0.307     0.134     0.711         7       448     0.678     0.892     0.871      0.77     0.182     0.249    0.0738
     75/89     2.62G     0.267     0.306     0.158     0.731         5       512     0.685     0.889     0.873     0.774     0.184     0.249    0.0704
     76/89     2.62G     0.277     0.326     0.155     0.758         4       320     0.684     0.894     0.874     0.775     0.181      0.25    0.0721
     77/89     2.62G     0.264     0.321     0.151     0.737         4       448     0.681     0.896     0.872     0.774     0.181     0.249    0.0718
     78/89     2.62G     0.271     0.331     0.149     0.751         8       544     0.686     0.889     0.873     0.774      0.18     0.248    0.0702
     79/89     2.62G     0.271     0.321     0.144     0.735         4       544     0.677     0.895     0.874     0.771     0.179      0.25    0.0706
     80/89     2.62G     0.271     0.336     0.157     0.764         6       544     0.676     0.895     0.875      0.77     0.183     0.249    0.0703
     81/89     2.62G     0.269     0.342     0.127     0.738         5       416     0.674     0.893     0.871     0.768     0.182     0.251    0.0729
     82/89     2.62G     0.267     0.336     0.145     0.748         4       576     0.669     0.894     0.871     0.765      0.18      0.25    0.0701
     83/89     2.62G     0.266     0.323     0.137     0.727         5       480      0.68     0.897     0.874     0.774     0.179     0.251    0.0714
     84/89     2.62G     0.259     0.327     0.131     0.717         3       480      0.67     0.894     0.871     0.766     0.179      0.25    0.0689
     85/89     2.62G     0.251     0.293     0.146      0.69         4       640     0.682     0.892     0.871     0.773     0.175      0.25      0.07
     86/89     2.62G     0.258     0.329     0.146     0.734         9       448     0.676     0.895     0.873      0.77      0.18      0.25    0.0696
     87/89     2.62G     0.263     0.356     0.144     0.763         7       576     0.677     0.896     0.874     0.771     0.179     0.251    0.0695
     88/89     2.62G     0.259     0.334     0.146     0.738         5       608     0.676     0.897     0.875     0.771     0.176      0.25    0.0643
     89/89     2.62G     0.259      0.33     0.126     0.714         4       416     0.677     0.894     0.872      0.77     0.175     0.251    0.0676
